               -227.4128585308
         -0.000335967       0.000001305       0.000000036
          0.000001305      -0.000334464      -0.000000028
          0.000000036      -0.000000028      -0.000350404
          16
  1     5      -0.000629478       0.000334888       0.000129426  B
  1     5       0.000374891      -0.000206697       0.000123791  B
  2     7      -0.000678526       0.000385474      -0.000068491  N
  2     7       0.000449334      -0.000260096      -0.000062164  N
  1     5      -0.000213422       0.000102584       0.000130390  B
  1     5       0.000214594      -0.000114668       0.000115336  B
  2     7       0.000177580      -0.000105738      -0.000089045  N
  2     7       0.000346189      -0.000184264      -0.000061434  N
  1     5       0.000296228      -0.000148839       0.000130882  B
  1     5       0.000019786      -0.000020497       0.000114053  B
  2     7       0.000400528      -0.000227226      -0.000086861  N
  2     7      -0.000242144       0.000141435      -0.000067443  N
  1     5      -0.000429354       0.000277639       0.000132893  B
  1     5       0.000245576      -0.000157536       0.000116397  B
  2     7      -0.000528998       0.000315845      -0.000070777  N
  2     7       0.000228894      -0.000134873      -0.000060488  N
