               -227.4157654527
         -0.000341551       0.000003318      -0.000000128
          0.000003318      -0.000337441       0.000000073
         -0.000000128       0.000000073      -0.000339057
          16
  1     5       0.000107133      -0.000088067       0.000173060  B
  1     5      -0.000126416       0.000041231       0.000153446  B
  2     7       0.000133063      -0.000102774      -0.000233719  N
  2     7      -0.000181085       0.000088819      -0.000236295  N
  1     5       0.000105919      -0.000064817       0.000172897  B
  1     5      -0.000085616       0.000076328       0.000158490  B
  2     7       0.000205700      -0.000119534      -0.000229438  N
  2     7      -0.000137809       0.000083747      -0.000236729  N
  1     5       0.000147552      -0.000065114       0.000175843  B
  1     5      -0.000152704       0.000079821       0.000158802  B
  2     7       0.000185521      -0.000109819      -0.000226960  N
  2     7      -0.000193308       0.000118731      -0.000228794  N
  1     5       0.000132579      -0.000053218       0.000174055  B
  1     5      -0.000087994       0.000074860       0.000157359  B
  2     7       0.000155031      -0.000093971      -0.000235743  N
  2     7      -0.000160935       0.000121421      -0.000237093  N
