   224
     1   -0.248698    0.191564   -0.230190       0.004464
     2   -0.165749    0.143673   -0.230245       0.004464
     3   -0.082800    0.095781   -0.230300       0.004464
     4    0.000148    0.047890   -0.230355       0.004464
     5    0.083097   -0.000001   -0.230410       0.004464
     6    0.166046   -0.047893   -0.230465       0.004464
     7    0.248995   -0.095784   -0.230520       0.004464
     8    0.331943   -0.143676   -0.230576       0.004464
     9   -0.248625    0.287474   -0.230163       0.004464
    10   -0.165676    0.239582   -0.230218       0.004464
    11   -0.082727    0.191691   -0.230273       0.004464
    12    0.000221    0.143799   -0.230328       0.004464
    13    0.083170    0.095908   -0.230383       0.004464
    14    0.166119    0.048017   -0.230438       0.004464
    15    0.249068    0.000125   -0.230493       0.004464
    16    0.332016   -0.047766   -0.230548       0.004464
    17   -0.248552    0.383383   -0.230135       0.004464
    18   -0.165603    0.335492   -0.230190       0.004464
    19   -0.082654    0.287600   -0.230245       0.004464
    20    0.000295    0.239709   -0.230300       0.004464
    21    0.083243    0.191818   -0.230355       0.004464
    22    0.166192    0.143926   -0.230410       0.004464
    23    0.249141    0.096035   -0.230465       0.004464
    24    0.332089    0.048143   -0.230520       0.004464
    25   -0.248479    0.479293   -0.230108       0.004464
    26   -0.165530    0.431401   -0.230163       0.004464
    27   -0.082581    0.383510   -0.230218       0.004464
    28    0.000368    0.335618   -0.230273       0.004464
    29    0.083316    0.287727   -0.230328       0.004464
    30    0.166265    0.239836   -0.230383       0.004464
    31    0.249214    0.191944   -0.230438       0.004464
    32    0.332162    0.144053   -0.230493       0.004464
    33   -0.248735    0.191586   -0.153401       0.004464
    34   -0.165786    0.143694   -0.153456       0.004464
    35   -0.082838    0.095803   -0.153511       0.004464
    36    0.000111    0.047912   -0.153566       0.004464
    37    0.083060    0.000020   -0.153621       0.004464
    38    0.166009   -0.047871   -0.153676       0.004464
    39    0.248957   -0.095763   -0.153731       0.004464
    40    0.331906   -0.143654   -0.153786       0.004464
    41   -0.248662    0.287495   -0.153373       0.004464
    42   -0.165713    0.239604   -0.153428       0.004464
    43   -0.082765    0.191713   -0.153483       0.004464
    44    0.000184    0.143821   -0.153538       0.004464
    45    0.083133    0.095930   -0.153593       0.004464
    46    0.166082    0.048038   -0.153648       0.004464
    47    0.249030    0.000147   -0.153703       0.004464
    48    0.331979   -0.047745   -0.153758       0.004464
    49   -0.248589    0.383405   -0.153346       0.004464
    50   -0.165640    0.335513   -0.153401       0.004464
    51   -0.082691    0.287622   -0.153456       0.004464
    52    0.000257    0.239731   -0.153511       0.004464
    53    0.083206    0.191839   -0.153566       0.004464
    54    0.166155    0.143948   -0.153621       0.004464
    55    0.249103    0.096056   -0.153676       0.004464
    56    0.332052    0.048165   -0.153731       0.004464
    57   -0.248516    0.479314   -0.153318       0.004464
    58   -0.165567    0.431423   -0.153373       0.004464
    59   -0.082618    0.383532   -0.153428       0.004464
    60    0.000330    0.335640   -0.153483       0.004464
    61    0.083279    0.287749   -0.153538       0.004464
    62    0.166228    0.239857   -0.153593       0.004464
    63    0.249176    0.191966   -0.153648       0.004464
    64    0.332125    0.144074   -0.153703       0.004464
    65   -0.248772    0.191608   -0.076611       0.004464
    66   -0.165824    0.143716   -0.076666       0.004464
    67   -0.082875    0.095825   -0.076721       0.004464
    68    0.000074    0.047933   -0.076776       0.004464
    69    0.083023    0.000042   -0.076831       0.004464
    70    0.165971   -0.047850   -0.076886       0.004464
    71    0.248920   -0.095741   -0.076941       0.004464
    72    0.331869   -0.143633   -0.076996       0.004464
    73   -0.248699    0.287517   -0.076583       0.004464
    74   -0.165751    0.239626   -0.076638       0.004464
    75   -0.082802    0.191734   -0.076693       0.004464
    76    0.000147    0.143843   -0.076748       0.004464
    77    0.083096    0.095951   -0.076803       0.004464
    78    0.166044    0.048060   -0.076858       0.004464
    79    0.248993    0.000168   -0.076913       0.004464
    80    0.331942   -0.047723   -0.076968       0.004464
    81   -0.248626    0.383427   -0.076556       0.004464
    82   -0.165677    0.335535   -0.076611       0.004464
    83   -0.082729    0.287644   -0.076666       0.004464
    84    0.000220    0.239752   -0.076721       0.004464
    85    0.083169    0.191861   -0.076776       0.004464
    86    0.166117    0.143969   -0.076831       0.004464
    87    0.249066    0.096078   -0.076886       0.004464
    88    0.332015    0.048186   -0.076941       0.004464
    89   -0.248553    0.479336   -0.076528       0.004464
    90   -0.165604    0.431445   -0.076583       0.004464
    91   -0.082656    0.383553   -0.076638       0.004464
    92    0.000293    0.335662   -0.076693       0.004464
    93    0.083242    0.287770   -0.076748       0.004464
    94    0.166190    0.239879   -0.076803       0.004464
    95    0.249139    0.191987   -0.076858       0.004464
    96    0.332088    0.144096   -0.076913       0.004464
    97   -0.248810    0.191629    0.000179       0.004464
    98   -0.165861    0.143738    0.000124       0.004464
    99   -0.082912    0.095846    0.000069       0.004464
   100    0.000037    0.047955    0.000014       0.004464
   101    0.082985    0.000063   -0.000041       0.004464
   102    0.165934   -0.047828   -0.000096       0.004464
   103    0.248883   -0.095720   -0.000151       0.004464
   104    0.331831   -0.143611   -0.000206       0.004464
   105   -0.248737    0.287539    0.000206       0.004464
   106   -0.165788    0.239647    0.000151       0.004464
   107   -0.082839    0.191756    0.000096       0.004464
   108    0.000110    0.143864    0.000041       0.004464
   109    0.083058    0.095973   -0.000014       0.004464
   110    0.166007    0.048081   -0.000069       0.004464
   111    0.248956    0.000190   -0.000124       0.004464
   112    0.331905   -0.047702   -0.000179       0.004464
   113   -0.248663    0.383448    0.000234       0.004464
   114   -0.165715    0.335557    0.000179       0.004464
   115   -0.082766    0.287665    0.000124       0.004464
   116    0.000183    0.239774    0.000069       0.004464
   117    0.083131    0.191882    0.000014       0.004464
   118    0.166080    0.143991   -0.000041       0.004464
   119    0.249029    0.096099   -0.000096       0.004464
   120    0.331978    0.048208   -0.000151       0.004464
   121   -0.248590    0.479358    0.000262       0.004464
   122   -0.165642    0.431466    0.000207       0.004464
   123   -0.082693    0.383575    0.000152       0.004464
   124    0.000256    0.335683    0.000096       0.004464
   125    0.083204    0.287792    0.000041       0.004464
   126    0.166153    0.239900   -0.000014       0.004464
   127    0.249102    0.192009   -0.000069       0.004464
   128    0.332051    0.144117   -0.000124       0.004464
   129   -0.248847    0.191651    0.076969       0.004464
   130   -0.165898    0.143759    0.076914       0.004464
   131   -0.082949    0.095868    0.076859       0.004464
   132   -0.000001    0.047976    0.076804       0.004464
   133    0.082948    0.000085    0.076749       0.004464
   134    0.165897   -0.047807    0.076694       0.004464
   135    0.248845   -0.095698    0.076638       0.004464
   136    0.331794   -0.143590    0.076583       0.004464
   137   -0.248774    0.287560    0.076996       0.004464
   138   -0.165825    0.239669    0.076941       0.004464
   139   -0.082876    0.191777    0.076886       0.004464
   140    0.000072    0.143886    0.076831       0.004464
   141    0.083021    0.095994    0.076776       0.004464
   142    0.165970    0.048103    0.076721       0.004464
   143    0.248919    0.000211    0.076666       0.004464
   144    0.331867   -0.047680    0.076611       0.004464
   145   -0.248701    0.383470    0.077024       0.004464
   146   -0.165752    0.335578    0.076969       0.004464
   147   -0.082803    0.287687    0.076914       0.004464
   148    0.000145    0.239795    0.076859       0.004464
   149    0.083094    0.191904    0.076804       0.004464
   150    0.166043    0.144012    0.076749       0.004464
   151    0.248992    0.096121    0.076694       0.004464
   152    0.331940    0.048229    0.076639       0.004464
   153   -0.248628    0.479379    0.077051       0.004464
   154   -0.165679    0.431488    0.076996       0.004464
   155   -0.082730    0.383596    0.076941       0.004464
   156    0.000218    0.335705    0.076886       0.004464
   157    0.083167    0.287813    0.076831       0.004464
   158    0.166116    0.239922    0.076776       0.004464
   159    0.249065    0.192030    0.076721       0.004464
   160    0.332013    0.144139    0.076666       0.004464
   161   -0.248884    0.191672    0.153758       0.004464
   162   -0.165935    0.143781    0.153703       0.004464
   163   -0.082987    0.095889    0.153648       0.004464
   164   -0.000038    0.047998    0.153593       0.004464
   165    0.082911    0.000106    0.153538       0.004464
   166    0.165859   -0.047785    0.153483       0.004464
   167    0.248808   -0.095676    0.153428       0.004464
   168    0.331757   -0.143568    0.153373       0.004464
   169   -0.248811    0.287582    0.153786       0.004464
   170   -0.165862    0.239690    0.153731       0.004464
   171   -0.082914    0.191799    0.153676       0.004464
   172    0.000035    0.143907    0.153621       0.004464
   173    0.082984    0.096016    0.153566       0.004464
   174    0.165933    0.048125    0.153511       0.004464
   175    0.248881    0.000233    0.153456       0.004464
   176    0.331830   -0.047658    0.153401       0.004464
   177   -0.248738    0.383491    0.153813       0.004464
   178   -0.165789    0.335600    0.153758       0.004464
   179   -0.082841    0.287708    0.153703       0.004464
   180    0.000108    0.239817    0.153648       0.004464
   181    0.083057    0.191925    0.153593       0.004464
   182    0.166006    0.144034    0.153538       0.004464
   183    0.248954    0.096143    0.153483       0.004464
   184    0.331903    0.048251    0.153428       0.004464
   185   -0.248665    0.479401    0.153841       0.004464
   186   -0.165716    0.431509    0.153786       0.004464
   187   -0.082768    0.383618    0.153731       0.004464
   188    0.000181    0.335726    0.153676       0.004464
   189    0.083130    0.287835    0.153621       0.004464
   190    0.166079    0.239943    0.153566       0.004464
   191    0.249027    0.192052    0.153511       0.004464
   192    0.331976    0.144161    0.153456       0.004464
   193   -0.248921    0.191694    0.230548       0.004464
   194   -0.165973    0.143802    0.230493       0.004464
   195   -0.083024    0.095911    0.230438       0.004464
   196   -0.000075    0.048020    0.230383       0.004464
   197    0.082873    0.000128    0.230328       0.004464
   198    0.165822   -0.047763    0.230273       0.004464
   199    0.248771   -0.095655    0.230218       0.004464
   200    0.331720   -0.143546    0.230163       0.004464
   201   -0.248848    0.287603    0.230576       0.004464
   202   -0.165900    0.239712    0.230521       0.004464
   203   -0.082951    0.191820    0.230466       0.004464
   204   -0.000002    0.143929    0.230411       0.004464
   205    0.082947    0.096038    0.230356       0.004464
   206    0.165895    0.048146    0.230301       0.004464
   207    0.248844    0.000255    0.230246       0.004464
   208    0.331793   -0.047637    0.230191       0.004464
   209   -0.248775    0.383513    0.230603       0.004464
   210   -0.165827    0.335621    0.230548       0.004464
   211   -0.082878    0.287730    0.230493       0.004464
   212    0.000071    0.239839    0.230438       0.004464
   213    0.083020    0.191947    0.230383       0.004464
   214    0.165968    0.144056    0.230328       0.004464
   215    0.248917    0.096164    0.230273       0.004464
   216    0.331866    0.048273    0.230218       0.004464
   217   -0.248702    0.479422    0.230631       0.004464
   218   -0.165754    0.431531    0.230576       0.004464
   219   -0.082805    0.383639    0.230521       0.004464
   220    0.000144    0.335748    0.230466       0.004464
   221    0.083093    0.287857    0.230411       0.004464
   222    0.166041    0.239965    0.230356       0.004464
   223    0.248990    0.192074    0.230301       0.004464
   224    0.331939    0.144182    0.230246       0.004464
