
&INPUT
  NBANDS  7
  POTENTIAL  -7.948509
  NSTATE  176
  HSTEP   0.05
  VMOTION 0.2
&END

&BandLines
  0   0.0000000000      0.0000000000    0.0000000000    Gamma
 100  0.0000000000      0.0000000000    0.5000000000    A
 100  0.3333333333      0.3333333333    0.5000000000    H
 100  0.3333333333      0.3333333333    0.0000000000    K
 100  0.5000000000      0.0000000000    0.0000000000    M
 100  0.5000000000      0.0000000000    5.0000000000    L
 100  0.0000000000      0.0000000000    0.0000000000     Gamma
&END

&LATTICEVECTOR
       5.012954616    0.000024807    0.000000115
      -2.506455827    4.341358452   -0.000000115
       0.000000145   -0.000000085    6.336166021
&END
