               -227.4140640574
         -0.000338505      -0.000001985      -0.000000241
         -0.000001985      -0.000341797       0.000000158
         -0.000000241       0.000000158      -0.000336660
          16
  1     5       0.000094303      -0.000082231      -0.000119099  B
  1     5       0.000008818       0.000088987      -0.000030484  B
  2     7       0.000188985      -0.000123846       0.000177004  N
  2     7       0.000186783       0.000017892       0.000129366  N
  1     5      -0.000246951       0.000058129      -0.000106250  B
  1     5      -0.000081899       0.000091655      -0.000043757  B
  2     7      -0.000017251      -0.000023192       0.000163176  N
  2     7      -0.000091563       0.000068950       0.000124845  N
  1     5      -0.000119950       0.000054238      -0.000101789  B
  1     5      -0.000000645       0.000042226      -0.000052489  B
  2     7       0.000057267      -0.000081294       0.000168579  N
  2     7       0.000058031       0.000084624       0.000120362  N
  1     5      -0.000066574      -0.000074277      -0.000135136  B
  1     5      -0.000024817       0.000027619      -0.000040800  B
  2     7       0.000161782      -0.000202290       0.000185284  N
  2     7       0.000170395      -0.000076070       0.000123499  N
