 0.00002     1.44712     1.33428     1
 1.25323     0.72357     4.50189     1
 0.00002     1.44712     5.00195     2
 1.25323     0.72357     1.83422     2
 2.50649     1.44713     1.33428     1
 3.75971     0.72359     4.50189     1
 2.50649     1.44713     5.00195     2
 3.75971     0.72359     1.83422     2
-1.25321     3.61780     1.33428     1
 0.00001     2.89425     4.50189     1
-1.25321     3.61780     5.00195     2
 0.00001     2.89425     1.83422     2
 1.25327     3.61781     1.33428     1
 2.50648     2.89426     4.50189     1
 1.25327     3.61781     5.00195     2
 2.50648     2.89426     1.83422     2
